/*--------------------------------*- C++ -*----------------------------------*\
| =========                 |                                                 |
| \\      /  F ield         | OpenFOAM: The Open Source CFD Toolbox           |
|  \\    /   O peration     | Version:  2.2.1                                 |
|   \\  /    A nd           | Web:      www.OpenFOAM.org                      |
|    \\/     M anipulation  |                                                 |
\*---------------------------------------------------------------------------*/
FoamFile
{
    version     2.0;
    format      ascii;
    class       labelList;
    note        "nPoints:14862  nCells:7200  nFaces:29030  nInternalFaces:14170";
    location    "1e-05/polyMesh";
    object      neighbour;
}
// * * * * * * * * * * * * * * * * * * * * * * * * * * * * * * * * * * * * * //


14170
(
1
30
5670
2
31
3
32
4
33
5
34
6
35
7
36
8
37
9
38
10
39
11
40
12
41
13
42
14
43
15
44
16
45
17
46
18
47
19
48
20
49
21
50
22
51
23
52
24
53
25
54
26
55
27
56
28
57
29
58
59
31
60
5671
32
61
33
62
34
63
35
64
36
65
37
66
38
67
39
68
40
69
41
70
42
71
43
72
44
73
45
74
46
75
47
76
48
77
49
78
50
79
51
80
52
81
53
82
54
83
55
84
56
85
57
86
58
87
59
88
89
61
90
5672
62
91
63
92
64
93
65
94
66
95
67
96
68
97
69
98
70
99
71
100
72
101
73
102
74
103
75
104
76
105
77
106
78
107
79
108
80
109
81
110
82
111
83
112
84
113
85
114
86
115
87
116
88
117
89
118
119
91
120
5673
92
121
93
122
94
123
95
124
96
125
97
126
98
127
99
128
100
129
101
130
102
131
103
132
104
133
105
134
106
135
107
136
108
137
109
138
110
139
111
140
112
141
113
142
114
143
115
144
116
145
117
146
118
147
119
148
149
121
150
5674
122
151
123
152
124
153
125
154
126
155
127
156
128
157
129
158
130
159
131
160
132
161
133
162
134
163
135
164
136
165
137
166
138
167
139
168
140
169
141
170
142
171
143
172
144
173
145
174
146
175
147
176
148
177
149
178
179
151
180
5675
152
181
153
182
154
183
155
184
156
185
157
186
158
187
159
188
160
189
161
190
162
191
163
192
164
193
165
194
166
195
167
196
168
197
169
198
170
199
171
200
172
201
173
202
174
203
175
204
176
205
177
206
178
207
179
208
209
181
210
5676
182
211
183
212
184
213
185
214
186
215
187
216
188
217
189
218
190
219
191
220
192
221
193
222
194
223
195
224
196
225
197
226
198
227
199
228
200
229
201
230
202
231
203
232
204
233
205
234
206
235
207
236
208
237
209
238
239
211
240
5677
212
241
213
242
214
243
215
244
216
245
217
246
218
247
219
248
220
249
221
250
222
251
223
252
224
253
225
254
226
255
227
256
228
257
229
258
230
259
231
260
232
261
233
262
234
263
235
264
236
265
237
266
238
267
239
268
269
241
270
5678
242
271
243
272
244
273
245
274
246
275
247
276
248
277
249
278
250
279
251
280
252
281
253
282
254
283
255
284
256
285
257
286
258
287
259
288
260
289
261
290
262
291
263
292
264
293
265
294
266
295
267
296
268
297
269
298
299
271
300
5679
272
301
273
302
274
303
275
304
276
305
277
306
278
307
279
308
280
309
281
310
282
311
283
312
284
313
285
314
286
315
287
316
288
317
289
318
290
319
291
320
292
321
293
322
294
323
295
324
296
325
297
326
298
327
299
328
329
301
330
5680
302
331
303
332
304
333
305
334
306
335
307
336
308
337
309
338
310
339
311
340
312
341
313
342
314
343
315
344
316
345
317
346
318
347
319
348
320
349
321
350
322
351
323
352
324
353
325
354
326
355
327
356
328
357
329
358
359
331
360
5681
332
361
333
362
334
363
335
364
336
365
337
366
338
367
339
368
340
369
341
370
342
371
343
372
344
373
345
374
346
375
347
376
348
377
349
378
350
379
351
380
352
381
353
382
354
383
355
384
356
385
357
386
358
387
359
388
389
361
390
5682
362
391
363
392
364
393
365
394
366
395
367
396
368
397
369
398
370
399
371
400
372
401
373
402
374
403
375
404
376
405
377
406
378
407
379
408
380
409
381
410
382
411
383
412
384
413
385
414
386
415
387
416
388
417
389
418
419
391
420
5683
392
421
393
422
394
423
395
424
396
425
397
426
398
427
399
428
400
429
401
430
402
431
403
432
404
433
405
434
406
435
407
436
408
437
409
438
410
439
411
440
412
441
413
442
414
443
415
444
416
445
417
446
418
447
419
448
449
421
450
5684
422
451
423
452
424
453
425
454
426
455
427
456
428
457
429
458
430
459
431
460
432
461
433
462
434
463
435
464
436
465
437
466
438
467
439
468
440
469
441
470
442
471
443
472
444
473
445
474
446
475
447
476
448
477
449
478
479
451
480
5685
452
481
453
482
454
483
455
484
456
485
457
486
458
487
459
488
460
489
461
490
462
491
463
492
464
493
465
494
466
495
467
496
468
497
469
498
470
499
471
500
472
501
473
502
474
503
475
504
476
505
477
506
478
507
479
508
509
481
510
5686
482
511
483
512
484
513
485
514
486
515
487
516
488
517
489
518
490
519
491
520
492
521
493
522
494
523
495
524
496
525
497
526
498
527
499
528
500
529
501
530
502
531
503
532
504
533
505
534
506
535
507
536
508
537
509
538
539
511
540
5687
512
541
513
542
514
543
515
544
516
545
517
546
518
547
519
548
520
549
521
550
522
551
523
552
524
553
525
554
526
555
527
556
528
557
529
558
530
559
531
560
532
561
533
562
534
563
535
564
536
565
537
566
538
567
539
568
569
541
570
5688
542
571
543
572
544
573
545
574
546
575
547
576
548
577
549
578
550
579
551
580
552
581
553
582
554
583
555
584
556
585
557
586
558
587
559
588
560
589
561
590
562
591
563
592
564
593
565
594
566
595
567
596
568
597
569
598
599
571
600
5689
572
601
573
602
574
603
575
604
576
605
577
606
578
607
579
608
580
609
581
610
582
611
583
612
584
613
585
614
586
615
587
616
588
617
589
618
590
619
591
620
592
621
593
622
594
623
595
624
596
625
597
626
598
627
599
628
629
601
630
5690
602
631
603
632
604
633
605
634
606
635
607
636
608
637
609
638
610
639
611
640
612
641
613
642
614
643
615
644
616
645
617
646
618
647
619
648
620
649
621
650
622
651
623
652
624
653
625
654
626
655
627
656
628
657
629
658
659
631
660
5691
632
661
633
662
634
663
635
664
636
665
637
666
638
667
639
668
640
669
641
670
642
671
643
672
644
673
645
674
646
675
647
676
648
677
649
678
650
679
651
680
652
681
653
682
654
683
655
684
656
685
657
686
658
687
659
688
689
661
690
5692
662
691
663
692
664
693
665
694
666
695
667
696
668
697
669
698
670
699
671
700
672
701
673
702
674
703
675
704
676
705
677
706
678
707
679
708
680
709
681
710
682
711
683
712
684
713
685
714
686
715
687
716
688
717
689
718
719
691
720
5693
692
721
693
722
694
723
695
724
696
725
697
726
698
727
699
728
700
729
701
730
702
731
703
732
704
733
705
734
706
735
707
736
708
737
709
738
710
739
711
740
712
741
713
742
714
743
715
744
716
745
717
746
718
747
719
748
749
721
750
5694
722
751
723
752
724
753
725
754
726
755
727
756
728
757
729
758
730
759
731
760
732
761
733
762
734
763
735
764
736
765
737
766
738
767
739
768
740
769
741
770
742
771
743
772
744
773
745
774
746
775
747
776
748
777
749
778
779
751
780
5695
752
781
753
782
754
783
755
784
756
785
757
786
758
787
759
788
760
789
761
790
762
791
763
792
764
793
765
794
766
795
767
796
768
797
769
798
770
799
771
800
772
801
773
802
774
803
775
804
776
805
777
806
778
807
779
808
809
781
810
5696
782
811
783
812
784
813
785
814
786
815
787
816
788
817
789
818
790
819
791
820
792
821
793
822
794
823
795
824
796
825
797
826
798
827
799
828
800
829
801
830
802
831
803
832
804
833
805
834
806
835
807
836
808
837
809
838
839
811
840
5697
812
841
813
842
814
843
815
844
816
845
817
846
818
847
819
848
820
849
821
850
822
851
823
852
824
853
825
854
826
855
827
856
828
857
829
858
830
859
831
860
832
861
833
862
834
863
835
864
836
865
837
866
838
867
839
868
869
841
870
5698
842
871
843
872
844
873
845
874
846
875
847
876
848
877
849
878
850
879
851
880
852
881
853
882
854
883
855
884
856
885
857
886
858
887
859
888
860
889
861
890
862
891
863
892
864
893
865
894
866
895
867
896
868
897
869
898
899
871
5699
872
873
874
875
876
877
878
879
880
881
882
883
884
885
886
887
888
889
890
891
892
893
894
895
896
897
898
899
901
1020
2129
902
1021
2159
903
1022
2189
904
1023
2219
905
1024
2249
906
1025
2279
907
1026
2309
908
1027
2339
909
1028
2369
910
1029
2399
911
1030
2429
912
1031
2459
913
1032
2489
914
1033
2519
915
1034
2549
916
1035
2579
917
1036
2609
918
1037
2639
919
1038
2669
920
1039
2699
921
1040
2729
922
1041
2759
923
1042
2789
924
1043
2819
925
1044
2849
926
1045
2879
927
1046
2909
928
1047
2939
929
1048
2969
930
1049
2999
931
1050
3029
932
1051
3059
933
1052
3089
934
1053
3119
935
1054
3149
936
1055
3179
937
1056
3209
938
1057
3239
939
1058
3269
940
1059
3299
941
1060
3329
942
1061
3359
943
1062
3389
944
1063
3419
945
1064
3449
946
1065
3479
947
1066
3509
948
1067
3539
949
1068
3569
950
1069
3599
951
1070
3629
952
1071
3659
953
1072
3689
954
1073
3719
955
1074
3749
956
1075
3779
957
1076
3809
958
1077
3839
959
1078
3869
960
1079
3899
961
1080
3929
962
1081
3959
963
1082
3989
964
1083
4019
965
1084
4049
966
1085
4079
967
1086
4109
968
1087
4139
969
1088
4169
970
1089
4199
971
1090
4229
972
1091
4259
973
1092
4289
974
1093
4319
975
1094
4349
976
1095
4379
977
1096
4409
978
1097
4439
979
1098
4469
980
1099
4499
981
1100
4529
982
1101
4559
983
1102
4589
984
1103
4619
985
1104
4649
986
1105
4679
987
1106
4709
988
1107
4739
989
1108
4769
990
1109
4799
991
1110
4829
992
1111
4859
993
1112
4889
994
1113
4919
995
1114
4949
996
1115
4979
997
1116
5009
998
1117
5039
999
1118
5069
1000
1119
5099
1001
1120
5129
1002
1121
5159
1003
1122
5189
1004
1123
5219
1005
1124
5249
1006
1125
5279
1007
1126
5309
1008
1127
5339
1009
1128
5369
1010
1129
5399
1011
1130
5429
1012
1131
5459
1013
1132
5489
1014
1133
5519
1015
1134
5549
1016
1135
5579
1017
1136
5609
1018
1137
5639
1019
1138
5669
1139
5699
1021
1140
1022
1141
1023
1142
1024
1143
1025
1144
1026
1145
1027
1146
1028
1147
1029
1148
1030
1149
1031
1150
1032
1151
1033
1152
1034
1153
1035
1154
1036
1155
1037
1156
1038
1157
1039
1158
1040
1159
1041
1160
1042
1161
1043
1162
1044
1163
1045
1164
1046
1165
1047
1166
1048
1167
1049
1168
1050
1169
1051
1170
1052
1171
1053
1172
1054
1173
1055
1174
1056
1175
1057
1176
1058
1177
1059
1178
1060
1179
1061
1180
1062
1181
1063
1182
1064
1183
1065
1184
1066
1185
1067
1186
1068
1187
1069
1188
1070
1189
1071
1190
1072
1191
1073
1192
1074
1193
1075
1194
1076
1195
1077
1196
1078
1197
1079
1198
1080
1199
1081
1200
1082
1201
1083
1202
1084
1203
1085
1204
1086
1205
1087
1206
1088
1207
1089
1208
1090
1209
1091
1210
1092
1211
1093
1212
1094
1213
1095
1214
1096
1215
1097
1216
1098
1217
1099
1218
1100
1219
1101
1220
1102
1221
1103
1222
1104
1223
1105
1224
1106
1225
1107
1226
1108
1227
1109
1228
1110
1229
1111
1230
1112
1231
1113
1232
1114
1233
1115
1234
1116
1235
1117
1236
1118
1237
1119
1238
1120
1239
1121
1240
1122
1241
1123
1242
1124
1243
1125
1244
1126
1245
1127
1246
1128
1247
1129
1248
1130
1249
1131
1250
1132
1251
1133
1252
1134
1253
1135
1254
1136
1255
1137
1256
1138
1257
1139
1258
1259
1141
1260
1142
1261
1143
1262
1144
1263
1145
1264
1146
1265
1147
1266
1148
1267
1149
1268
1150
1269
1151
1270
1152
1271
1153
1272
1154
1273
1155
1274
1156
1275
1157
1276
1158
1277
1159
1278
1160
1279
1161
1280
1162
1281
1163
1282
1164
1283
1165
1284
1166
1285
1167
1286
1168
1287
1169
1288
1170
1289
1171
1290
1172
1291
1173
1292
1174
1293
1175
1294
1176
1295
1177
1296
1178
1297
1179
1298
1180
1299
1181
1300
1182
1301
1183
1302
1184
1303
1185
1304
1186
1305
1187
1306
1188
1307
1189
1308
1190
1309
1191
1310
1192
1311
1193
1312
1194
1313
1195
1314
1196
1315
1197
1316
1198
1317
1199
1318
1200
1319
1201
1320
1202
1321
1203
1322
1204
1323
1205
1324
1206
1325
1207
1326
1208
1327
1209
1328
1210
1329
1211
1330
1212
1331
1213
1332
1214
1333
1215
1334
1216
1335
1217
1336
1218
1337
1219
1338
1220
1339
1221
1340
1222
1341
1223
1342
1224
1343
1225
1344
1226
1345
1227
1346
1228
1347
1229
1348
1230
1349
1231
1350
1232
1351
1233
1352
1234
1353
1235
1354
1236
1355
1237
1356
1238
1357
1239
1358
1240
1359
1241
1360
1242
1361
1243
1362
1244
1363
1245
1364
1246
1365
1247
1366
1248
1367
1249
1368
1250
1369
1251
1370
1252
1371
1253
1372
1254
1373
1255
1374
1256
1375
1257
1376
1258
1377
1259
1378
1379
1261
1380
1262
1381
1263
1382
1264
1383
1265
1384
1266
1385
1267
1386
1268
1387
1269
1388
1270
1389
1271
1390
1272
1391
1273
1392
1274
1393
1275
1394
1276
1395
1277
1396
1278
1397
1279
1398
1280
1399
1281
1400
1282
1401
1283
1402
1284
1403
1285
1404
1286
1405
1287
1406
1288
1407
1289
1408
1290
1409
1291
1410
1292
1411
1293
1412
1294
1413
1295
1414
1296
1415
1297
1416
1298
1417
1299
1418
1300
1419
1301
1420
1302
1421
1303
1422
1304
1423
1305
1424
1306
1425
1307
1426
1308
1427
1309
1428
1310
1429
1311
1430
1312
1431
1313
1432
1314
1433
1315
1434
1316
1435
1317
1436
1318
1437
1319
1438
1320
1439
1321
1440
1322
1441
1323
1442
1324
1443
1325
1444
1326
1445
1327
1446
1328
1447
1329
1448
1330
1449
1331
1450
1332
1451
1333
1452
1334
1453
1335
1454
1336
1455
1337
1456
1338
1457
1339
1458
1340
1459
1341
1460
1342
1461
1343
1462
1344
1463
1345
1464
1346
1465
1347
1466
1348
1467
1349
1468
1350
1469
1351
1470
1352
1471
1353
1472
1354
1473
1355
1474
1356
1475
1357
1476
1358
1477
1359
1478
1360
1479
1361
1480
1362
1481
1363
1482
1364
1483
1365
1484
1366
1485
1367
1486
1368
1487
1369
1488
1370
1489
1371
1490
1372
1491
1373
1492
1374
1493
1375
1494
1376
1495
1377
1496
1378
1497
1379
1498
1499
1381
1500
1382
1501
1383
1502
1384
1503
1385
1504
1386
1505
1387
1506
1388
1507
1389
1508
1390
1509
1391
1510
1392
1511
1393
1512
1394
1513
1395
1514
1396
1515
1397
1516
1398
1517
1399
1518
1400
1519
1401
1520
1402
1521
1403
1522
1404
1523
1405
1524
1406
1525
1407
1526
1408
1527
1409
1528
1410
1529
1411
1530
1412
1531
1413
1532
1414
1533
1415
1534
1416
1535
1417
1536
1418
1537
1419
1538
1420
1539
1421
1540
1422
1541
1423
1542
1424
1543
1425
1544
1426
1545
1427
1546
1428
1547
1429
1548
1430
1549
1431
1550
1432
1551
1433
1552
1434
1553
1435
1554
1436
1555
1437
1556
1438
1557
1439
1558
1440
1559
1441
1560
1442
1561
1443
1562
1444
1563
1445
1564
1446
1565
1447
1566
1448
1567
1449
1568
1450
1569
1451
1570
1452
1571
1453
1572
1454
1573
1455
1574
1456
1575
1457
1576
1458
1577
1459
1578
1460
1579
1461
1580
1462
1581
1463
1582
1464
1583
1465
1584
1466
1585
1467
1586
1468
1587
1469
1588
1470
1589
1471
1590
1472
1591
1473
1592
1474
1593
1475
1594
1476
1595
1477
1596
1478
1597
1479
1598
1480
1599
1481
1600
1482
1601
1483
1602
1484
1603
1485
1604
1486
1605
1487
1606
1488
1607
1489
1608
1490
1609
1491
1610
1492
1611
1493
1612
1494
1613
1495
1614
1496
1615
1497
1616
1498
1617
1499
1618
1619
1501
1620
1502
1621
1503
1622
1504
1623
1505
1624
1506
1625
1507
1626
1508
1627
1509
1628
1510
1629
1511
1630
1512
1631
1513
1632
1514
1633
1515
1634
1516
1635
1517
1636
1518
1637
1519
1638
1520
1639
1521
1640
1522
1641
1523
1642
1524
1643
1525
1644
1526
1645
1527
1646
1528
1647
1529
1648
1530
1649
1531
1650
1532
1651
1533
1652
1534
1653
1535
1654
1536
1655
1537
1656
1538
1657
1539
1658
1540
1659
1541
1660
1542
1661
1543
1662
1544
1663
1545
1664
1546
1665
1547
1666
1548
1667
1549
1668
1550
1669
1551
1670
1552
1671
1553
1672
1554
1673
1555
1674
1556
1675
1557
1676
1558
1677
1559
1678
1560
1679
1561
1680
1562
1681
1563
1682
1564
1683
1565
1684
1566
1685
1567
1686
1568
1687
1569
1688
1570
1689
1571
1690
1572
1691
1573
1692
1574
1693
1575
1694
1576
1695
1577
1696
1578
1697
1579
1698
1580
1699
1581
1700
1582
1701
1583
1702
1584
1703
1585
1704
1586
1705
1587
1706
1588
1707
1589
1708
1590
1709
1591
1710
1592
1711
1593
1712
1594
1713
1595
1714
1596
1715
1597
1716
1598
1717
1599
1718
1600
1719
1601
1720
1602
1721
1603
1722
1604
1723
1605
1724
1606
1725
1607
1726
1608
1727
1609
1728
1610
1729
1611
1730
1612
1731
1613
1732
1614
1733
1615
1734
1616
1735
1617
1736
1618
1737
1619
1738
1739
1621
1740
1622
1741
1623
1742
1624
1743
1625
1744
1626
1745
1627
1746
1628
1747
1629
1748
1630
1749
1631
1750
1632
1751
1633
1752
1634
1753
1635
1754
1636
1755
1637
1756
1638
1757
1639
1758
1640
1759
1641
1760
1642
1761
1643
1762
1644
1763
1645
1764
1646
1765
1647
1766
1648
1767
1649
1768
1650
1769
1651
1770
1652
1771
1653
1772
1654
1773
1655
1774
1656
1775
1657
1776
1658
1777
1659
1778
1660
1779
1661
1780
1662
1781
1663
1782
1664
1783
1665
1784
1666
1785
1667
1786
1668
1787
1669
1788
1670
1789
1671
1790
1672
1791
1673
1792
1674
1793
1675
1794
1676
1795
1677
1796
1678
1797
1679
1798
1680
1799
1681
1800
1682
1801
1683
1802
1684
1803
1685
1804
1686
1805
1687
1806
1688
1807
1689
1808
1690
1809
1691
1810
1692
1811
1693
1812
1694
1813
1695
1814
1696
1815
1697
1816
1698
1817
1699
1818
1700
1819
1701
1820
1702
1821
1703
1822
1704
1823
1705
1824
1706
1825
1707
1826
1708
1827
1709
1828
1710
1829
1711
1830
1712
1831
1713
1832
1714
1833
1715
1834
1716
1835
1717
1836
1718
1837
1719
1838
1720
1839
1721
1840
1722
1841
1723
1842
1724
1843
1725
1844
1726
1845
1727
1846
1728
1847
1729
1848
1730
1849
1731
1850
1732
1851
1733
1852
1734
1853
1735
1854
1736
1855
1737
1856
1738
1857
1739
1858
1859
1741
1860
1742
1861
1743
1862
1744
1863
1745
1864
1746
1865
1747
1866
1748
1867
1749
1868
1750
1869
1751
1870
1752
1871
1753
1872
1754
1873
1755
1874
1756
1875
1757
1876
1758
1877
1759
1878
1760
1879
1761
1880
1762
1881
1763
1882
1764
1883
1765
1884
1766
1885
1767
1886
1768
1887
1769
1888
1770
1889
1771
1890
1772
1891
1773
1892
1774
1893
1775
1894
1776
1895
1777
1896
1778
1897
1779
1898
1780
1899
1781
1900
1782
1901
1783
1902
1784
1903
1785
1904
1786
1905
1787
1906
1788
1907
1789
1908
1790
1909
1791
1910
1792
1911
1793
1912
1794
1913
1795
1914
1796
1915
1797
1916
1798
1917
1799
1918
1800
1919
1801
1920
1802
1921
1803
1922
1804
1923
1805
1924
1806
1925
1807
1926
1808
1927
1809
1928
1810
1929
1811
1930
1812
1931
1813
1932
1814
1933
1815
1934
1816
1935
1817
1936
1818
1937
1819
1938
1820
1939
1821
1940
1822
1941
1823
1942
1824
1943
1825
1944
1826
1945
1827
1946
1828
1947
1829
1948
1830
1949
1831
1950
1832
1951
1833
1952
1834
1953
1835
1954
1836
1955
1837
1956
1838
1957
1839
1958
1840
1959
1841
1960
1842
1961
1843
1962
1844
1963
1845
1964
1846
1965
1847
1966
1848
1967
1849
1968
1850
1969
1851
1970
1852
1971
1853
1972
1854
1973
1855
1974
1856
1975
1857
1976
1858
1977
1859
1978
1979
1861
1980
1862
1981
1863
1982
1864
1983
1865
1984
1866
1985
1867
1986
1868
1987
1869
1988
1870
1989
1871
1990
1872
1991
1873
1992
1874
1993
1875
1994
1876
1995
1877
1996
1878
1997
1879
1998
1880
1999
1881
2000
1882
2001
1883
2002
1884
2003
1885
2004
1886
2005
1887
2006
1888
2007
1889
2008
1890
2009
1891
2010
1892
2011
1893
2012
1894
2013
1895
2014
1896
2015
1897
2016
1898
2017
1899
2018
1900
2019
1901
2020
1902
2021
1903
2022
1904
2023
1905
2024
1906
2025
1907
2026
1908
2027
1909
2028
1910
2029
1911
2030
1912
2031
1913
2032
1914
2033
1915
2034
1916
2035
1917
2036
1918
2037
1919
2038
1920
2039
1921
2040
1922
2041
1923
2042
1924
2043
1925
2044
1926
2045
1927
2046
1928
2047
1929
2048
1930
2049
1931
2050
1932
2051
1933
2052
1934
2053
1935
2054
1936
2055
1937
2056
1938
2057
1939
2058
1940
2059
1941
2060
1942
2061
1943
2062
1944
2063
1945
2064
1946
2065
1947
2066
1948
2067
1949
2068
1950
2069
1951
2070
1952
2071
1953
2072
1954
2073
1955
2074
1956
2075
1957
2076
1958
2077
1959
2078
1960
2079
1961
2080
1962
2081
1963
2082
1964
2083
1965
2084
1966
2085
1967
2086
1968
2087
1969
2088
1970
2089
1971
2090
1972
2091
1973
2092
1974
2093
1975
2094
1976
2095
1977
2096
1978
2097
1979
2098
2099
1981
6000
1982
6010
1983
6020
1984
6030
1985
6040
1986
6050
1987
6060
1988
6070
1989
6080
1990
6090
1991
6100
1992
6110
1993
6120
1994
6130
1995
6140
1996
6150
1997
6160
1998
6170
1999
6180
2000
6190
2001
6200
2002
6210
2003
6220
2004
6230
2005
6240
2006
6250
2007
6260
2008
6270
2009
6280
2010
6290
2011
6300
2012
6310
2013
6320
2014
6330
2015
6340
2016
6350
2017
6360
2018
6370
2019
6380
2020
6390
2021
6400
2022
6410
2023
6420
2024
6430
2025
6440
2026
6450
2027
6460
2028
6470
2029
6480
2030
6490
2031
6500
2032
6510
2033
6520
2034
6530
2035
6540
2036
6550
2037
6560
2038
6570
2039
6580
2040
6590
2041
6600
2042
6610
2043
6620
2044
6630
2045
6640
2046
6650
2047
6660
2048
6670
2049
6680
2050
6690
2051
6700
2052
6710
2053
6720
2054
6730
2055
6740
2056
6750
2057
6760
2058
6770
2059
6780
2060
6790
2061
6800
2062
6810
2063
6820
2064
6830
2065
6840
2066
6850
2067
6860
2068
6870
2069
6880
2070
6890
2071
6900
2072
6910
2073
6920
2074
6930
2075
6940
2076
6950
2077
6960
2078
6970
2079
6980
2080
6990
2081
7000
2082
7010
2083
7020
2084
7030
2085
7040
2086
7050
2087
7060
2088
7070
2089
7080
2090
7090
2091
7100
2092
7110
2093
7120
2094
7130
2095
7140
2096
7150
2097
7160
2098
7170
2099
7180
7190
2101
2130
2102
2131
2103
2132
2104
2133
2105
2134
2106
2135
2107
2136
2108
2137
2109
2138
2110
2139
2111
2140
2112
2141
2113
2142
2114
2143
2115
2144
2116
2145
2117
2146
2118
2147
2119
2148
2120
2149
2121
2150
2122
2151
2123
2152
2124
2153
2125
2154
2126
2155
2127
2156
2128
2157
2129
2158
2159
2131
2160
2132
2161
2133
2162
2134
2163
2135
2164
2136
2165
2137
2166
2138
2167
2139
2168
2140
2169
2141
2170
2142
2171
2143
2172
2144
2173
2145
2174
2146
2175
2147
2176
2148
2177
2149
2178
2150
2179
2151
2180
2152
2181
2153
2182
2154
2183
2155
2184
2156
2185
2157
2186
2158
2187
2159
2188
2189
2161
2190
2162
2191
2163
2192
2164
2193
2165
2194
2166
2195
2167
2196
2168
2197
2169
2198
2170
2199
2171
2200
2172
2201
2173
2202
2174
2203
2175
2204
2176
2205
2177
2206
2178
2207
2179
2208
2180
2209
2181
2210
2182
2211
2183
2212
2184
2213
2185
2214
2186
2215
2187
2216
2188
2217
2189
2218
2219
2191
2220
2192
2221
2193
2222
2194
2223
2195
2224
2196
2225
2197
2226
2198
2227
2199
2228
2200
2229
2201
2230
2202
2231
2203
2232
2204
2233
2205
2234
2206
2235
2207
2236
2208
2237
2209
2238
2210
2239
2211
2240
2212
2241
2213
2242
2214
2243
2215
2244
2216
2245
2217
2246
2218
2247
2219
2248
2249
2221
2250
2222
2251
2223
2252
2224
2253
2225
2254
2226
2255
2227
2256
2228
2257
2229
2258
2230
2259
2231
2260
2232
2261
2233
2262
2234
2263
2235
2264
2236
2265
2237
2266
2238
2267
2239
2268
2240
2269
2241
2270
2242
2271
2243
2272
2244
2273
2245
2274
2246
2275
2247
2276
2248
2277
2249
2278
2279
2251
2280
2252
2281
2253
2282
2254
2283
2255
2284
2256
2285
2257
2286
2258
2287
2259
2288
2260
2289
2261
2290
2262
2291
2263
2292
2264
2293
2265
2294
2266
2295
2267
2296
2268
2297
2269
2298
2270
2299
2271
2300
2272
2301
2273
2302
2274
2303
2275
2304
2276
2305
2277
2306
2278
2307
2279
2308
2309
2281
2310
2282
2311
2283
2312
2284
2313
2285
2314
2286
2315
2287
2316
2288
2317
2289
2318
2290
2319
2291
2320
2292
2321
2293
2322
2294
2323
2295
2324
2296
2325
2297
2326
2298
2327
2299
2328
2300
2329
2301
2330
2302
2331
2303
2332
2304
2333
2305
2334
2306
2335
2307
2336
2308
2337
2309
2338
2339
2311
2340
2312
2341
2313
2342
2314
2343
2315
2344
2316
2345
2317
2346
2318
2347
2319
2348
2320
2349
2321
2350
2322
2351
2323
2352
2324
2353
2325
2354
2326
2355
2327
2356
2328
2357
2329
2358
2330
2359
2331
2360
2332
2361
2333
2362
2334
2363
2335
2364
2336
2365
2337
2366
2338
2367
2339
2368
2369
2341
2370
2342
2371
2343
2372
2344
2373
2345
2374
2346
2375
2347
2376
2348
2377
2349
2378
2350
2379
2351
2380
2352
2381
2353
2382
2354
2383
2355
2384
2356
2385
2357
2386
2358
2387
2359
2388
2360
2389
2361
2390
2362
2391
2363
2392
2364
2393
2365
2394
2366
2395
2367
2396
2368
2397
2369
2398
2399
2371
2400
2372
2401
2373
2402
2374
2403
2375
2404
2376
2405
2377
2406
2378
2407
2379
2408
2380
2409
2381
2410
2382
2411
2383
2412
2384
2413
2385
2414
2386
2415
2387
2416
2388
2417
2389
2418
2390
2419
2391
2420
2392
2421
2393
2422
2394
2423
2395
2424
2396
2425
2397
2426
2398
2427
2399
2428
2429
2401
2430
2402
2431
2403
2432
2404
2433
2405
2434
2406
2435
2407
2436
2408
2437
2409
2438
2410
2439
2411
2440
2412
2441
2413
2442
2414
2443
2415
2444
2416
2445
2417
2446
2418
2447
2419
2448
2420
2449
2421
2450
2422
2451
2423
2452
2424
2453
2425
2454
2426
2455
2427
2456
2428
2457
2429
2458
2459
2431
2460
2432
2461
2433
2462
2434
2463
2435
2464
2436
2465
2437
2466
2438
2467
2439
2468
2440
2469
2441
2470
2442
2471
2443
2472
2444
2473
2445
2474
2446
2475
2447
2476
2448
2477
2449
2478
2450
2479
2451
2480
2452
2481
2453
2482
2454
2483
2455
2484
2456
2485
2457
2486
2458
2487
2459
2488
2489
2461
2490
2462
2491
2463
2492
2464
2493
2465
2494
2466
2495
2467
2496
2468
2497
2469
2498
2470
2499
2471
2500
2472
2501
2473
2502
2474
2503
2475
2504
2476
2505
2477
2506
2478
2507
2479
2508
2480
2509
2481
2510
2482
2511
2483
2512
2484
2513
2485
2514
2486
2515
2487
2516
2488
2517
2489
2518
2519
2491
2520
2492
2521
2493
2522
2494
2523
2495
2524
2496
2525
2497
2526
2498
2527
2499
2528
2500
2529
2501
2530
2502
2531
2503
2532
2504
2533
2505
2534
2506
2535
2507
2536
2508
2537
2509
2538
2510
2539
2511
2540
2512
2541
2513
2542
2514
2543
2515
2544
2516
2545
2517
2546
2518
2547
2519
2548
2549
2521
2550
2522
2551
2523
2552
2524
2553
2525
2554
2526
2555
2527
2556
2528
2557
2529
2558
2530
2559
2531
2560
2532
2561
2533
2562
2534
2563
2535
2564
2536
2565
2537
2566
2538
2567
2539
2568
2540
2569
2541
2570
2542
2571
2543
2572
2544
2573
2545
2574
2546
2575
2547
2576
2548
2577
2549
2578
2579
2551
2580
2552
2581
2553
2582
2554
2583
2555
2584
2556
2585
2557
2586
2558
2587
2559
2588
2560
2589
2561
2590
2562
2591
2563
2592
2564
2593
2565
2594
2566
2595
2567
2596
2568
2597
2569
2598
2570
2599
2571
2600
2572
2601
2573
2602
2574
2603
2575
2604
2576
2605
2577
2606
2578
2607
2579
2608
2609
2581
2610
2582
2611
2583
2612
2584
2613
2585
2614
2586
2615
2587
2616
2588
2617
2589
2618
2590
2619
2591
2620
2592
2621
2593
2622
2594
2623
2595
2624
2596
2625
2597
2626
2598
2627
2599
2628
2600
2629
2601
2630
2602
2631
2603
2632
2604
2633
2605
2634
2606
2635
2607
2636
2608
2637
2609
2638
2639
2611
2640
2612
2641
2613
2642
2614
2643
2615
2644
2616
2645
2617
2646
2618
2647
2619
2648
2620
2649
2621
2650
2622
2651
2623
2652
2624
2653
2625
2654
2626
2655
2627
2656
2628
2657
2629
2658
2630
2659
2631
2660
2632
2661
2633
2662
2634
2663
2635
2664
2636
2665
2637
2666
2638
2667
2639
2668
2669
2641
2670
2642
2671
2643
2672
2644
2673
2645
2674
2646
2675
2647
2676
2648
2677
2649
2678
2650
2679
2651
2680
2652
2681
2653
2682
2654
2683
2655
2684
2656
2685
2657
2686
2658
2687
2659
2688
2660
2689
2661
2690
2662
2691
2663
2692
2664
2693
2665
2694
2666
2695
2667
2696
2668
2697
2669
2698
2699
2671
2700
2672
2701
2673
2702
2674
2703
2675
2704
2676
2705
2677
2706
2678
2707
2679
2708
2680
2709
2681
2710
2682
2711
2683
2712
2684
2713
2685
2714
2686
2715
2687
2716
2688
2717
2689
2718
2690
2719
2691
2720
2692
2721
2693
2722
2694
2723
2695
2724
2696
2725
2697
2726
2698
2727
2699
2728
2729
2701
2730
2702
2731
2703
2732
2704
2733
2705
2734
2706
2735
2707
2736
2708
2737
2709
2738
2710
2739
2711
2740
2712
2741
2713
2742
2714
2743
2715
2744
2716
2745
2717
2746
2718
2747
2719
2748
2720
2749
2721
2750
2722
2751
2723
2752
2724
2753
2725
2754
2726
2755
2727
2756
2728
2757
2729
2758
2759
2731
2760
2732
2761
2733
2762
2734
2763
2735
2764
2736
2765
2737
2766
2738
2767
2739
2768
2740
2769
2741
2770
2742
2771
2743
2772
2744
2773
2745
2774
2746
2775
2747
2776
2748
2777
2749
2778
2750
2779
2751
2780
2752
2781
2753
2782
2754
2783
2755
2784
2756
2785
2757
2786
2758
2787
2759
2788
2789
2761
2790
2762
2791
2763
2792
2764
2793
2765
2794
2766
2795
2767
2796
2768
2797
2769
2798
2770
2799
2771
2800
2772
2801
2773
2802
2774
2803
2775
2804
2776
2805
2777
2806
2778
2807
2779
2808
2780
2809
2781
2810
2782
2811
2783
2812
2784
2813
2785
2814
2786
2815
2787
2816
2788
2817
2789
2818
2819
2791
2820
2792
2821
2793
2822
2794
2823
2795
2824
2796
2825
2797
2826
2798
2827
2799
2828
2800
2829
2801
2830
2802
2831
2803
2832
2804
2833
2805
2834
2806
2835
2807
2836
2808
2837
2809
2838
2810
2839
2811
2840
2812
2841
2813
2842
2814
2843
2815
2844
2816
2845
2817
2846
2818
2847
2819
2848
2849
2821
2850
2822
2851
2823
2852
2824
2853
2825
2854
2826
2855
2827
2856
2828
2857
2829
2858
2830
2859
2831
2860
2832
2861
2833
2862
2834
2863
2835
2864
2836
2865
2837
2866
2838
2867
2839
2868
2840
2869
2841
2870
2842
2871
2843
2872
2844
2873
2845
2874
2846
2875
2847
2876
2848
2877
2849
2878
2879
2851
2880
2852
2881
2853
2882
2854
2883
2855
2884
2856
2885
2857
2886
2858
2887
2859
2888
2860
2889
2861
2890
2862
2891
2863
2892
2864
2893
2865
2894
2866
2895
2867
2896
2868
2897
2869
2898
2870
2899
2871
2900
2872
2901
2873
2902
2874
2903
2875
2904
2876
2905
2877
2906
2878
2907
2879
2908
2909
2881
2910
2882
2911
2883
2912
2884
2913
2885
2914
2886
2915
2887
2916
2888
2917
2889
2918
2890
2919
2891
2920
2892
2921
2893
2922
2894
2923
2895
2924
2896
2925
2897
2926
2898
2927
2899
2928
2900
2929
2901
2930
2902
2931
2903
2932
2904
2933
2905
2934
2906
2935
2907
2936
2908
2937
2909
2938
2939
2911
2940
2912
2941
2913
2942
2914
2943
2915
2944
2916
2945
2917
2946
2918
2947
2919
2948
2920
2949
2921
2950
2922
2951
2923
2952
2924
2953
2925
2954
2926
2955
2927
2956
2928
2957
2929
2958
2930
2959
2931
2960
2932
2961
2933
2962
2934
2963
2935
2964
2936
2965
2937
2966
2938
2967
2939
2968
2969
2941
2970
2942
2971
2943
2972
2944
2973
2945
2974
2946
2975
2947
2976
2948
2977
2949
2978
2950
2979
2951
2980
2952
2981
2953
2982
2954
2983
2955
2984
2956
2985
2957
2986
2958
2987
2959
2988
2960
2989
2961
2990
2962
2991
2963
2992
2964
2993
2965
2994
2966
2995
2967
2996
2968
2997
2969
2998
2999
2971
3000
2972
3001
2973
3002
2974
3003
2975
3004
2976
3005
2977
3006
2978
3007
2979
3008
2980
3009
2981
3010
2982
3011
2983
3012
2984
3013
2985
3014
2986
3015
2987
3016
2988
3017
2989
3018
2990
3019
2991
3020
2992
3021
2993
3022
2994
3023
2995
3024
2996
3025
2997
3026
2998
3027
2999
3028
3029
3001
3030
3002
3031
3003
3032
3004
3033
3005
3034
3006
3035
3007
3036
3008
3037
3009
3038
3010
3039
3011
3040
3012
3041
3013
3042
3014
3043
3015
3044
3016
3045
3017
3046
3018
3047
3019
3048
3020
3049
3021
3050
3022
3051
3023
3052
3024
3053
3025
3054
3026
3055
3027
3056
3028
3057
3029
3058
3059
3031
3060
3032
3061
3033
3062
3034
3063
3035
3064
3036
3065
3037
3066
3038
3067
3039
3068
3040
3069
3041
3070
3042
3071
3043
3072
3044
3073
3045
3074
3046
3075
3047
3076
3048
3077
3049
3078
3050
3079
3051
3080
3052
3081
3053
3082
3054
3083
3055
3084
3056
3085
3057
3086
3058
3087
3059
3088
3089
3061
3090
3062
3091
3063
3092
3064
3093
3065
3094
3066
3095
3067
3096
3068
3097
3069
3098
3070
3099
3071
3100
3072
3101
3073
3102
3074
3103
3075
3104
3076
3105
3077
3106
3078
3107
3079
3108
3080
3109
3081
3110
3082
3111
3083
3112
3084
3113
3085
3114
3086
3115
3087
3116
3088
3117
3089
3118
3119
3091
3120
3092
3121
3093
3122
3094
3123
3095
3124
3096
3125
3097
3126
3098
3127
3099
3128
3100
3129
3101
3130
3102
3131
3103
3132
3104
3133
3105
3134
3106
3135
3107
3136
3108
3137
3109
3138
3110
3139
3111
3140
3112
3141
3113
3142
3114
3143
3115
3144
3116
3145
3117
3146
3118
3147
3119
3148
3149
3121
3150
3122
3151
3123
3152
3124
3153
3125
3154
3126
3155
3127
3156
3128
3157
3129
3158
3130
3159
3131
3160
3132
3161
3133
3162
3134
3163
3135
3164
3136
3165
3137
3166
3138
3167
3139
3168
3140
3169
3141
3170
3142
3171
3143
3172
3144
3173
3145
3174
3146
3175
3147
3176
3148
3177
3149
3178
3179
3151
3180
3152
3181
3153
3182
3154
3183
3155
3184
3156
3185
3157
3186
3158
3187
3159
3188
3160
3189
3161
3190
3162
3191
3163
3192
3164
3193
3165
3194
3166
3195
3167
3196
3168
3197
3169
3198
3170
3199
3171
3200
3172
3201
3173
3202
3174
3203
3175
3204
3176
3205
3177
3206
3178
3207
3179
3208
3209
3181
3210
3182
3211
3183
3212
3184
3213
3185
3214
3186
3215
3187
3216
3188
3217
3189
3218
3190
3219
3191
3220
3192
3221
3193
3222
3194
3223
3195
3224
3196
3225
3197
3226
3198
3227
3199
3228
3200
3229
3201
3230
3202
3231
3203
3232
3204
3233
3205
3234
3206
3235
3207
3236
3208
3237
3209
3238
3239
3211
3240
3212
3241
3213
3242
3214
3243
3215
3244
3216
3245
3217
3246
3218
3247
3219
3248
3220
3249
3221
3250
3222
3251
3223
3252
3224
3253
3225
3254
3226
3255
3227
3256
3228
3257
3229
3258
3230
3259
3231
3260
3232
3261
3233
3262
3234
3263
3235
3264
3236
3265
3237
3266
3238
3267
3239
3268
3269
3241
3270
3242
3271
3243
3272
3244
3273
3245
3274
3246
3275
3247
3276
3248
3277
3249
3278
3250
3279
3251
3280
3252
3281
3253
3282
3254
3283
3255
3284
3256
3285
3257
3286
3258
3287
3259
3288
3260
3289
3261
3290
3262
3291
3263
3292
3264
3293
3265
3294
3266
3295
3267
3296
3268
3297
3269
3298
3299
3271
3300
3272
3301
3273
3302
3274
3303
3275
3304
3276
3305
3277
3306
3278
3307
3279
3308
3280
3309
3281
3310
3282
3311
3283
3312
3284
3313
3285
3314
3286
3315
3287
3316
3288
3317
3289
3318
3290
3319
3291
3320
3292
3321
3293
3322
3294
3323
3295
3324
3296
3325
3297
3326
3298
3327
3299
3328
3329
3301
3330
3302
3331
3303
3332
3304
3333
3305
3334
3306
3335
3307
3336
3308
3337
3309
3338
3310
3339
3311
3340
3312
3341
3313
3342
3314
3343
3315
3344
3316
3345
3317
3346
3318
3347
3319
3348
3320
3349
3321
3350
3322
3351
3323
3352
3324
3353
3325
3354
3326
3355
3327
3356
3328
3357
3329
3358
3359
3331
3360
3332
3361
3333
3362
3334
3363
3335
3364
3336
3365
3337
3366
3338
3367
3339
3368
3340
3369
3341
3370
3342
3371
3343
3372
3344
3373
3345
3374
3346
3375
3347
3376
3348
3377
3349
3378
3350
3379
3351
3380
3352
3381
3353
3382
3354
3383
3355
3384
3356
3385
3357
3386
3358
3387
3359
3388
3389
3361
3390
3362
3391
3363
3392
3364
3393
3365
3394
3366
3395
3367
3396
3368
3397
3369
3398
3370
3399
3371
3400
3372
3401
3373
3402
3374
3403
3375
3404
3376
3405
3377
3406
3378
3407
3379
3408
3380
3409
3381
3410
3382
3411
3383
3412
3384
3413
3385
3414
3386
3415
3387
3416
3388
3417
3389
3418
3419
3391
3420
3392
3421
3393
3422
3394
3423
3395
3424
3396
3425
3397
3426
3398
3427
3399
3428
3400
3429
3401
3430
3402
3431
3403
3432
3404
3433
3405
3434
3406
3435
3407
3436
3408
3437
3409
3438
3410
3439
3411
3440
3412
3441
3413
3442
3414
3443
3415
3444
3416
3445
3417
3446
3418
3447
3419
3448
3449
3421
3450
3422
3451
3423
3452
3424
3453
3425
3454
3426
3455
3427
3456
3428
3457
3429
3458
3430
3459
3431
3460
3432
3461
3433
3462
3434
3463
3435
3464
3436
3465
3437
3466
3438
3467
3439
3468
3440
3469
3441
3470
3442
3471
3443
3472
3444
3473
3445
3474
3446
3475
3447
3476
3448
3477
3449
3478
3479
3451
3480
3452
3481
3453
3482
3454
3483
3455
3484
3456
3485
3457
3486
3458
3487
3459
3488
3460
3489
3461
3490
3462
3491
3463
3492
3464
3493
3465
3494
3466
3495
3467
3496
3468
3497
3469
3498
3470
3499
3471
3500
3472
3501
3473
3502
3474
3503
3475
3504
3476
3505
3477
3506
3478
3507
3479
3508
3509
3481
3510
3482
3511
3483
3512
3484
3513
3485
3514
3486
3515
3487
3516
3488
3517
3489
3518
3490
3519
3491
3520
3492
3521
3493
3522
3494
3523
3495
3524
3496
3525
3497
3526
3498
3527
3499
3528
3500
3529
3501
3530
3502
3531
3503
3532
3504
3533
3505
3534
3506
3535
3507
3536
3508
3537
3509
3538
3539
3511
3540
3512
3541
3513
3542
3514
3543
3515
3544
3516
3545
3517
3546
3518
3547
3519
3548
3520
3549
3521
3550
3522
3551
3523
3552
3524
3553
3525
3554
3526
3555
3527
3556
3528
3557
3529
3558
3530
3559
3531
3560
3532
3561
3533
3562
3534
3563
3535
3564
3536
3565
3537
3566
3538
3567
3539
3568
3569
3541
3570
3542
3571
3543
3572
3544
3573
3545
3574
3546
3575
3547
3576
3548
3577
3549
3578
3550
3579
3551
3580
3552
3581
3553
3582
3554
3583
3555
3584
3556
3585
3557
3586
3558
3587
3559
3588
3560
3589
3561
3590
3562
3591
3563
3592
3564
3593
3565
3594
3566
3595
3567
3596
3568
3597
3569
3598
3599
3571
3600
3572
3601
3573
3602
3574
3603
3575
3604
3576
3605
3577
3606
3578
3607
3579
3608
3580
3609
3581
3610
3582
3611
3583
3612
3584
3613
3585
3614
3586
3615
3587
3616
3588
3617
3589
3618
3590
3619
3591
3620
3592
3621
3593
3622
3594
3623
3595
3624
3596
3625
3597
3626
3598
3627
3599
3628
3629
3601
3630
3602
3631
3603
3632
3604
3633
3605
3634
3606
3635
3607
3636
3608
3637
3609
3638
3610
3639
3611
3640
3612
3641
3613
3642
3614
3643
3615
3644
3616
3645
3617
3646
3618
3647
3619
3648
3620
3649
3621
3650
3622
3651
3623
3652
3624
3653
3625
3654
3626
3655
3627
3656
3628
3657
3629
3658
3659
3631
3660
3632
3661
3633
3662
3634
3663
3635
3664
3636
3665
3637
3666
3638
3667
3639
3668
3640
3669
3641
3670
3642
3671
3643
3672
3644
3673
3645
3674
3646
3675
3647
3676
3648
3677
3649
3678
3650
3679
3651
3680
3652
3681
3653
3682
3654
3683
3655
3684
3656
3685
3657
3686
3658
3687
3659
3688
3689
3661
3690
3662
3691
3663
3692
3664
3693
3665
3694
3666
3695
3667
3696
3668
3697
3669
3698
3670
3699
3671
3700
3672
3701
3673
3702
3674
3703
3675
3704
3676
3705
3677
3706
3678
3707
3679
3708
3680
3709
3681
3710
3682
3711
3683
3712
3684
3713
3685
3714
3686
3715
3687
3716
3688
3717
3689
3718
3719
3691
3720
3692
3721
3693
3722
3694
3723
3695
3724
3696
3725
3697
3726
3698
3727
3699
3728
3700
3729
3701
3730
3702
3731
3703
3732
3704
3733
3705
3734
3706
3735
3707
3736
3708
3737
3709
3738
3710
3739
3711
3740
3712
3741
3713
3742
3714
3743
3715
3744
3716
3745
3717
3746
3718
3747
3719
3748
3749
3721
3750
3722
3751
3723
3752
3724
3753
3725
3754
3726
3755
3727
3756
3728
3757
3729
3758
3730
3759
3731
3760
3732
3761
3733
3762
3734
3763
3735
3764
3736
3765
3737
3766
3738
3767
3739
3768
3740
3769
3741
3770
3742
3771
3743
3772
3744
3773
3745
3774
3746
3775
3747
3776
3748
3777
3749
3778
3779
3751
3780
3752
3781
3753
3782
3754
3783
3755
3784
3756
3785
3757
3786
3758
3787
3759
3788
3760
3789
3761
3790
3762
3791
3763
3792
3764
3793
3765
3794
3766
3795
3767
3796
3768
3797
3769
3798
3770
3799
3771
3800
3772
3801
3773
3802
3774
3803
3775
3804
3776
3805
3777
3806
3778
3807
3779
3808
3809
3781
3810
3782
3811
3783
3812
3784
3813
3785
3814
3786
3815
3787
3816
3788
3817
3789
3818
3790
3819
3791
3820
3792
3821
3793
3822
3794
3823
3795
3824
3796
3825
3797
3826
3798
3827
3799
3828
3800
3829
3801
3830
3802
3831
3803
3832
3804
3833
3805
3834
3806
3835
3807
3836
3808
3837
3809
3838
3839
3811
3840
3812
3841
3813
3842
3814
3843
3815
3844
3816
3845
3817
3846
3818
3847
3819
3848
3820
3849
3821
3850
3822
3851
3823
3852
3824
3853
3825
3854
3826
3855
3827
3856
3828
3857
3829
3858
3830
3859
3831
3860
3832
3861
3833
3862
3834
3863
3835
3864
3836
3865
3837
3866
3838
3867
3839
3868
3869
3841
3870
3842
3871
3843
3872
3844
3873
3845
3874
3846
3875
3847
3876
3848
3877
3849
3878
3850
3879
3851
3880
3852
3881
3853
3882
3854
3883
3855
3884
3856
3885
3857
3886
3858
3887
3859
3888
3860
3889
3861
3890
3862
3891
3863
3892
3864
3893
3865
3894
3866
3895
3867
3896
3868
3897
3869
3898
3899
3871
3900
3872
3901
3873
3902
3874
3903
3875
3904
3876
3905
3877
3906
3878
3907
3879
3908
3880
3909
3881
3910
3882
3911
3883
3912
3884
3913
3885
3914
3886
3915
3887
3916
3888
3917
3889
3918
3890
3919
3891
3920
3892
3921
3893
3922
3894
3923
3895
3924
3896
3925
3897
3926
3898
3927
3899
3928
3929
3901
3930
3902
3931
3903
3932
3904
3933
3905
3934
3906
3935
3907
3936
3908
3937
3909
3938
3910
3939
3911
3940
3912
3941
3913
3942
3914
3943
3915
3944
3916
3945
3917
3946
3918
3947
3919
3948
3920
3949
3921
3950
3922
3951
3923
3952
3924
3953
3925
3954
3926
3955
3927
3956
3928
3957
3929
3958
3959
3931
3960
3932
3961
3933
3962
3934
3963
3935
3964
3936
3965
3937
3966
3938
3967
3939
3968
3940
3969
3941
3970
3942
3971
3943
3972
3944
3973
3945
3974
3946
3975
3947
3976
3948
3977
3949
3978
3950
3979
3951
3980
3952
3981
3953
3982
3954
3983
3955
3984
3956
3985
3957
3986
3958
3987
3959
3988
3989
3961
3990
3962
3991
3963
3992
3964
3993
3965
3994
3966
3995
3967
3996
3968
3997
3969
3998
3970
3999
3971
4000
3972
4001
3973
4002
3974
4003
3975
4004
3976
4005
3977
4006
3978
4007
3979
4008
3980
4009
3981
4010
3982
4011
3983
4012
3984
4013
3985
4014
3986
4015
3987
4016
3988
4017
3989
4018
4019
3991
4020
3992
4021
3993
4022
3994
4023
3995
4024
3996
4025
3997
4026
3998
4027
3999
4028
4000
4029
4001
4030
4002
4031
4003
4032
4004
4033
4005
4034
4006
4035
4007
4036
4008
4037
4009
4038
4010
4039
4011
4040
4012
4041
4013
4042
4014
4043
4015
4044
4016
4045
4017
4046
4018
4047
4019
4048
4049
4021
4050
4022
4051
4023
4052
4024
4053
4025
4054
4026
4055
4027
4056
4028
4057
4029
4058
4030
4059
4031
4060
4032
4061
4033
4062
4034
4063
4035
4064
4036
4065
4037
4066
4038
4067
4039
4068
4040
4069
4041
4070
4042
4071
4043
4072
4044
4073
4045
4074
4046
4075
4047
4076
4048
4077
4049
4078
4079
4051
4080
4052
4081
4053
4082
4054
4083
4055
4084
4056
4085
4057
4086
4058
4087
4059
4088
4060
4089
4061
4090
4062
4091
4063
4092
4064
4093
4065
4094
4066
4095
4067
4096
4068
4097
4069
4098
4070
4099
4071
4100
4072
4101
4073
4102
4074
4103
4075
4104
4076
4105
4077
4106
4078
4107
4079
4108
4109
4081
4110
4082
4111
4083
4112
4084
4113
4085
4114
4086
4115
4087
4116
4088
4117
4089
4118
4090
4119
4091
4120
4092
4121
4093
4122
4094
4123
4095
4124
4096
4125
4097
4126
4098
4127
4099
4128
4100
4129
4101
4130
4102
4131
4103
4132
4104
4133
4105
4134
4106
4135
4107
4136
4108
4137
4109
4138
4139
4111
4140
4112
4141
4113
4142
4114
4143
4115
4144
4116
4145
4117
4146
4118
4147
4119
4148
4120
4149
4121
4150
4122
4151
4123
4152
4124
4153
4125
4154
4126
4155
4127
4156
4128
4157
4129
4158
4130
4159
4131
4160
4132
4161
4133
4162
4134
4163
4135
4164
4136
4165
4137
4166
4138
4167
4139
4168
4169
4141
4170
4142
4171
4143
4172
4144
4173
4145
4174
4146
4175
4147
4176
4148
4177
4149
4178
4150
4179
4151
4180
4152
4181
4153
4182
4154
4183
4155
4184
4156
4185
4157
4186
4158
4187
4159
4188
4160
4189
4161
4190
4162
4191
4163
4192
4164
4193
4165
4194
4166
4195
4167
4196
4168
4197
4169
4198
4199
4171
4200
4172
4201
4173
4202
4174
4203
4175
4204
4176
4205
4177
4206
4178
4207
4179
4208
4180
4209
4181
4210
4182
4211
4183
4212
4184
4213
4185
4214
4186
4215
4187
4216
4188
4217
4189
4218
4190
4219
4191
4220
4192
4221
4193
4222
4194
4223
4195
4224
4196
4225
4197
4226
4198
4227
4199
4228
4229
4201
4230
4202
4231
4203
4232
4204
4233
4205
4234
4206
4235
4207
4236
4208
4237
4209
4238
4210
4239
4211
4240
4212
4241
4213
4242
4214
4243
4215
4244
4216
4245
4217
4246
4218
4247
4219
4248
4220
4249
4221
4250
4222
4251
4223
4252
4224
4253
4225
4254
4226
4255
4227
4256
4228
4257
4229
4258
4259
4231
4260
4232
4261
4233
4262
4234
4263
4235
4264
4236
4265
4237
4266
4238
4267
4239
4268
4240
4269
4241
4270
4242
4271
4243
4272
4244
4273
4245
4274
4246
4275
4247
4276
4248
4277
4249
4278
4250
4279
4251
4280
4252
4281
4253
4282
4254
4283
4255
4284
4256
4285
4257
4286
4258
4287
4259
4288
4289
4261
4290
4262
4291
4263
4292
4264
4293
4265
4294
4266
4295
4267
4296
4268
4297
4269
4298
4270
4299
4271
4300
4272
4301
4273
4302
4274
4303
4275
4304
4276
4305
4277
4306
4278
4307
4279
4308
4280
4309
4281
4310
4282
4311
4283
4312
4284
4313
4285
4314
4286
4315
4287
4316
4288
4317
4289
4318
4319
4291
4320
4292
4321
4293
4322
4294
4323
4295
4324
4296
4325
4297
4326
4298
4327
4299
4328
4300
4329
4301
4330
4302
4331
4303
4332
4304
4333
4305
4334
4306
4335
4307
4336
4308
4337
4309
4338
4310
4339
4311
4340
4312
4341
4313
4342
4314
4343
4315
4344
4316
4345
4317
4346
4318
4347
4319
4348
4349
4321
4350
4322
4351
4323
4352
4324
4353
4325
4354
4326
4355
4327
4356
4328
4357
4329
4358
4330
4359
4331
4360
4332
4361
4333
4362
4334
4363
4335
4364
4336
4365
4337
4366
4338
4367
4339
4368
4340
4369
4341
4370
4342
4371
4343
4372
4344
4373
4345
4374
4346
4375
4347
4376
4348
4377
4349
4378
4379
4351
4380
4352
4381
4353
4382
4354
4383
4355
4384
4356
4385
4357
4386
4358
4387
4359
4388
4360
4389
4361
4390
4362
4391
4363
4392
4364
4393
4365
4394
4366
4395
4367
4396
4368
4397
4369
4398
4370
4399
4371
4400
4372
4401
4373
4402
4374
4403
4375
4404
4376
4405
4377
4406
4378
4407
4379
4408
4409
4381
4410
4382
4411
4383
4412
4384
4413
4385
4414
4386
4415
4387
4416
4388
4417
4389
4418
4390
4419
4391
4420
4392
4421
4393
4422
4394
4423
4395
4424
4396
4425
4397
4426
4398
4427
4399
4428
4400
4429
4401
4430
4402
4431
4403
4432
4404
4433
4405
4434
4406
4435
4407
4436
4408
4437
4409
4438
4439
4411
4440
4412
4441
4413
4442
4414
4443
4415
4444
4416
4445
4417
4446
4418
4447
4419
4448
4420
4449
4421
4450
4422
4451
4423
4452
4424
4453
4425
4454
4426
4455
4427
4456
4428
4457
4429
4458
4430
4459
4431
4460
4432
4461
4433
4462
4434
4463
4435
4464
4436
4465
4437
4466
4438
4467
4439
4468
4469
4441
4470
4442
4471
4443
4472
4444
4473
4445
4474
4446
4475
4447
4476
4448
4477
4449
4478
4450
4479
4451
4480
4452
4481
4453
4482
4454
4483
4455
4484
4456
4485
4457
4486
4458
4487
4459
4488
4460
4489
4461
4490
4462
4491
4463
4492
4464
4493
4465
4494
4466
4495
4467
4496
4468
4497
4469
4498
4499
4471
4500
4472
4501
4473
4502
4474
4503
4475
4504
4476
4505
4477
4506
4478
4507
4479
4508
4480
4509
4481
4510
4482
4511
4483
4512
4484
4513
4485
4514
4486
4515
4487
4516
4488
4517
4489
4518
4490
4519
4491
4520
4492
4521
4493
4522
4494
4523
4495
4524
4496
4525
4497
4526
4498
4527
4499
4528
4529
4501
4530
4502
4531
4503
4532
4504
4533
4505
4534
4506
4535
4507
4536
4508
4537
4509
4538
4510
4539
4511
4540
4512
4541
4513
4542
4514
4543
4515
4544
4516
4545
4517
4546
4518
4547
4519
4548
4520
4549
4521
4550
4522
4551
4523
4552
4524
4553
4525
4554
4526
4555
4527
4556
4528
4557
4529
4558
4559
4531
4560
4532
4561
4533
4562
4534
4563
4535
4564
4536
4565
4537
4566
4538
4567
4539
4568
4540
4569
4541
4570
4542
4571
4543
4572
4544
4573
4545
4574
4546
4575
4547
4576
4548
4577
4549
4578
4550
4579
4551
4580
4552
4581
4553
4582
4554
4583
4555
4584
4556
4585
4557
4586
4558
4587
4559
4588
4589
4561
4590
4562
4591
4563
4592
4564
4593
4565
4594
4566
4595
4567
4596
4568
4597
4569
4598
4570
4599
4571
4600
4572
4601
4573
4602
4574
4603
4575
4604
4576
4605
4577
4606
4578
4607
4579
4608
4580
4609
4581
4610
4582
4611
4583
4612
4584
4613
4585
4614
4586
4615
4587
4616
4588
4617
4589
4618
4619
4591
4620
4592
4621
4593
4622
4594
4623
4595
4624
4596
4625
4597
4626
4598
4627
4599
4628
4600
4629
4601
4630
4602
4631
4603
4632
4604
4633
4605
4634
4606
4635
4607
4636
4608
4637
4609
4638
4610
4639
4611
4640
4612
4641
4613
4642
4614
4643
4615
4644
4616
4645
4617
4646
4618
4647
4619
4648
4649
4621
4650
4622
4651
4623
4652
4624
4653
4625
4654
4626
4655
4627
4656
4628
4657
4629
4658
4630
4659
4631
4660
4632
4661
4633
4662
4634
4663
4635
4664
4636
4665
4637
4666
4638
4667
4639
4668
4640
4669
4641
4670
4642
4671
4643
4672
4644
4673
4645
4674
4646
4675
4647
4676
4648
4677
4649
4678
4679
4651
4680
4652
4681
4653
4682
4654
4683
4655
4684
4656
4685
4657
4686
4658
4687
4659
4688
4660
4689
4661
4690
4662
4691
4663
4692
4664
4693
4665
4694
4666
4695
4667
4696
4668
4697
4669
4698
4670
4699
4671
4700
4672
4701
4673
4702
4674
4703
4675
4704
4676
4705
4677
4706
4678
4707
4679
4708
4709
4681
4710
4682
4711
4683
4712
4684
4713
4685
4714
4686
4715
4687
4716
4688
4717
4689
4718
4690
4719
4691
4720
4692
4721
4693
4722
4694
4723
4695
4724
4696
4725
4697
4726
4698
4727
4699
4728
4700
4729
4701
4730
4702
4731
4703
4732
4704
4733
4705
4734
4706
4735
4707
4736
4708
4737
4709
4738
4739
4711
4740
4712
4741
4713
4742
4714
4743
4715
4744
4716
4745
4717
4746
4718
4747
4719
4748
4720
4749
4721
4750
4722
4751
4723
4752
4724
4753
4725
4754
4726
4755
4727
4756
4728
4757
4729
4758
4730
4759
4731
4760
4732
4761
4733
4762
4734
4763
4735
4764
4736
4765
4737
4766
4738
4767
4739
4768
4769
4741
4770
4742
4771
4743
4772
4744
4773
4745
4774
4746
4775
4747
4776
4748
4777
4749
4778
4750
4779
4751
4780
4752
4781
4753
4782
4754
4783
4755
4784
4756
4785
4757
4786
4758
4787
4759
4788
4760
4789
4761
4790
4762
4791
4763
4792
4764
4793
4765
4794
4766
4795
4767
4796
4768
4797
4769
4798
4799
4771
4800
4772
4801
4773
4802
4774
4803
4775
4804
4776
4805
4777
4806
4778
4807
4779
4808
4780
4809
4781
4810
4782
4811
4783
4812
4784
4813
4785
4814
4786
4815
4787
4816
4788
4817
4789
4818
4790
4819
4791
4820
4792
4821
4793
4822
4794
4823
4795
4824
4796
4825
4797
4826
4798
4827
4799
4828
4829
4801
4830
4802
4831
4803
4832
4804
4833
4805
4834
4806
4835
4807
4836
4808
4837
4809
4838
4810
4839
4811
4840
4812
4841
4813
4842
4814
4843
4815
4844
4816
4845
4817
4846
4818
4847
4819
4848
4820
4849
4821
4850
4822
4851
4823
4852
4824
4853
4825
4854
4826
4855
4827
4856
4828
4857
4829
4858
4859
4831
4860
4832
4861
4833
4862
4834
4863
4835
4864
4836
4865
4837
4866
4838
4867
4839
4868
4840
4869
4841
4870
4842
4871
4843
4872
4844
4873
4845
4874
4846
4875
4847
4876
4848
4877
4849
4878
4850
4879
4851
4880
4852
4881
4853
4882
4854
4883
4855
4884
4856
4885
4857
4886
4858
4887
4859
4888
4889
4861
4890
4862
4891
4863
4892
4864
4893
4865
4894
4866
4895
4867
4896
4868
4897
4869
4898
4870
4899
4871
4900
4872
4901
4873
4902
4874
4903
4875
4904
4876
4905
4877
4906
4878
4907
4879
4908
4880
4909
4881
4910
4882
4911
4883
4912
4884
4913
4885
4914
4886
4915
4887
4916
4888
4917
4889
4918
4919
4891
4920
4892
4921
4893
4922
4894
4923
4895
4924
4896
4925
4897
4926
4898
4927
4899
4928
4900
4929
4901
4930
4902
4931
4903
4932
4904
4933
4905
4934
4906
4935
4907
4936
4908
4937
4909
4938
4910
4939
4911
4940
4912
4941
4913
4942
4914
4943
4915
4944
4916
4945
4917
4946
4918
4947
4919
4948
4949
4921
4950
4922
4951
4923
4952
4924
4953
4925
4954
4926
4955
4927
4956
4928
4957
4929
4958
4930
4959
4931
4960
4932
4961
4933
4962
4934
4963
4935
4964
4936
4965
4937
4966
4938
4967
4939
4968
4940
4969
4941
4970
4942
4971
4943
4972
4944
4973
4945
4974
4946
4975
4947
4976
4948
4977
4949
4978
4979
4951
4980
4952
4981
4953
4982
4954
4983
4955
4984
4956
4985
4957
4986
4958
4987
4959
4988
4960
4989
4961
4990
4962
4991
4963
4992
4964
4993
4965
4994
4966
4995
4967
4996
4968
4997
4969
4998
4970
4999
4971
5000
4972
5001
4973
5002
4974
5003
4975
5004
4976
5005
4977
5006
4978
5007
4979
5008
5009
4981
5010
4982
5011
4983
5012
4984
5013
4985
5014
4986
5015
4987
5016
4988
5017
4989
5018
4990
5019
4991
5020
4992
5021
4993
5022
4994
5023
4995
5024
4996
5025
4997
5026
4998
5027
4999
5028
5000
5029
5001
5030
5002
5031
5003
5032
5004
5033
5005
5034
5006
5035
5007
5036
5008
5037
5009
5038
5039
5011
5040
5012
5041
5013
5042
5014
5043
5015
5044
5016
5045
5017
5046
5018
5047
5019
5048
5020
5049
5021
5050
5022
5051
5023
5052
5024
5053
5025
5054
5026
5055
5027
5056
5028
5057
5029
5058
5030
5059
5031
5060
5032
5061
5033
5062
5034
5063
5035
5064
5036
5065
5037
5066
5038
5067
5039
5068
5069
5041
5070
5042
5071
5043
5072
5044
5073
5045
5074
5046
5075
5047
5076
5048
5077
5049
5078
5050
5079
5051
5080
5052
5081
5053
5082
5054
5083
5055
5084
5056
5085
5057
5086
5058
5087
5059
5088
5060
5089
5061
5090
5062
5091
5063
5092
5064
5093
5065
5094
5066
5095
5067
5096
5068
5097
5069
5098
5099
5071
5100
5072
5101
5073
5102
5074
5103
5075
5104
5076
5105
5077
5106
5078
5107
5079
5108
5080
5109
5081
5110
5082
5111
5083
5112
5084
5113
5085
5114
5086
5115
5087
5116
5088
5117
5089
5118
5090
5119
5091
5120
5092
5121
5093
5122
5094
5123
5095
5124
5096
5125
5097
5126
5098
5127
5099
5128
5129
5101
5130
5102
5131
5103
5132
5104
5133
5105
5134
5106
5135
5107
5136
5108
5137
5109
5138
5110
5139
5111
5140
5112
5141
5113
5142
5114
5143
5115
5144
5116
5145
5117
5146
5118
5147
5119
5148
5120
5149
5121
5150
5122
5151
5123
5152
5124
5153
5125
5154
5126
5155
5127
5156
5128
5157
5129
5158
5159
5131
5160
5132
5161
5133
5162
5134
5163
5135
5164
5136
5165
5137
5166
5138
5167
5139
5168
5140
5169
5141
5170
5142
5171
5143
5172
5144
5173
5145
5174
5146
5175
5147
5176
5148
5177
5149
5178
5150
5179
5151
5180
5152
5181
5153
5182
5154
5183
5155
5184
5156
5185
5157
5186
5158
5187
5159
5188
5189
5161
5190
5162
5191
5163
5192
5164
5193
5165
5194
5166
5195
5167
5196
5168
5197
5169
5198
5170
5199
5171
5200
5172
5201
5173
5202
5174
5203
5175
5204
5176
5205
5177
5206
5178
5207
5179
5208
5180
5209
5181
5210
5182
5211
5183
5212
5184
5213
5185
5214
5186
5215
5187
5216
5188
5217
5189
5218
5219
5191
5220
5192
5221
5193
5222
5194
5223
5195
5224
5196
5225
5197
5226
5198
5227
5199
5228
5200
5229
5201
5230
5202
5231
5203
5232
5204
5233
5205
5234
5206
5235
5207
5236
5208
5237
5209
5238
5210
5239
5211
5240
5212
5241
5213
5242
5214
5243
5215
5244
5216
5245
5217
5246
5218
5247
5219
5248
5249
5221
5250
5222
5251
5223
5252
5224
5253
5225
5254
5226
5255
5227
5256
5228
5257
5229
5258
5230
5259
5231
5260
5232
5261
5233
5262
5234
5263
5235
5264
5236
5265
5237
5266
5238
5267
5239
5268
5240
5269
5241
5270
5242
5271
5243
5272
5244
5273
5245
5274
5246
5275
5247
5276
5248
5277
5249
5278
5279
5251
5280
5252
5281
5253
5282
5254
5283
5255
5284
5256
5285
5257
5286
5258
5287
5259
5288
5260
5289
5261
5290
5262
5291
5263
5292
5264
5293
5265
5294
5266
5295
5267
5296
5268
5297
5269
5298
5270
5299
5271
5300
5272
5301
5273
5302
5274
5303
5275
5304
5276
5305
5277
5306
5278
5307
5279
5308
5309
5281
5310
5282
5311
5283
5312
5284
5313
5285
5314
5286
5315
5287
5316
5288
5317
5289
5318
5290
5319
5291
5320
5292
5321
5293
5322
5294
5323
5295
5324
5296
5325
5297
5326
5298
5327
5299
5328
5300
5329
5301
5330
5302
5331
5303
5332
5304
5333
5305
5334
5306
5335
5307
5336
5308
5337
5309
5338
5339
5311
5340
5312
5341
5313
5342
5314
5343
5315
5344
5316
5345
5317
5346
5318
5347
5319
5348
5320
5349
5321
5350
5322
5351
5323
5352
5324
5353
5325
5354
5326
5355
5327
5356
5328
5357
5329
5358
5330
5359
5331
5360
5332
5361
5333
5362
5334
5363
5335
5364
5336
5365
5337
5366
5338
5367
5339
5368
5369
5341
5370
5342
5371
5343
5372
5344
5373
5345
5374
5346
5375
5347
5376
5348
5377
5349
5378
5350
5379
5351
5380
5352
5381
5353
5382
5354
5383
5355
5384
5356
5385
5357
5386
5358
5387
5359
5388
5360
5389
5361
5390
5362
5391
5363
5392
5364
5393
5365
5394
5366
5395
5367
5396
5368
5397
5369
5398
5399
5371
5400
5372
5401
5373
5402
5374
5403
5375
5404
5376
5405
5377
5406
5378
5407
5379
5408
5380
5409
5381
5410
5382
5411
5383
5412
5384
5413
5385
5414
5386
5415
5387
5416
5388
5417
5389
5418
5390
5419
5391
5420
5392
5421
5393
5422
5394
5423
5395
5424
5396
5425
5397
5426
5398
5427
5399
5428
5429
5401
5430
5402
5431
5403
5432
5404
5433
5405
5434
5406
5435
5407
5436
5408
5437
5409
5438
5410
5439
5411
5440
5412
5441
5413
5442
5414
5443
5415
5444
5416
5445
5417
5446
5418
5447
5419
5448
5420
5449
5421
5450
5422
5451
5423
5452
5424
5453
5425
5454
5426
5455
5427
5456
5428
5457
5429
5458
5459
5431
5460
5432
5461
5433
5462
5434
5463
5435
5464
5436
5465
5437
5466
5438
5467
5439
5468
5440
5469
5441
5470
5442
5471
5443
5472
5444
5473
5445
5474
5446
5475
5447
5476
5448
5477
5449
5478
5450
5479
5451
5480
5452
5481
5453
5482
5454
5483
5455
5484
5456
5485
5457
5486
5458
5487
5459
5488
5489
5461
5490
5462
5491
5463
5492
5464
5493
5465
5494
5466
5495
5467
5496
5468
5497
5469
5498
5470
5499
5471
5500
5472
5501
5473
5502
5474
5503
5475
5504
5476
5505
5477
5506
5478
5507
5479
5508
5480
5509
5481
5510
5482
5511
5483
5512
5484
5513
5485
5514
5486
5515
5487
5516
5488
5517
5489
5518
5519
5491
5520
5492
5521
5493
5522
5494
5523
5495
5524
5496
5525
5497
5526
5498
5527
5499
5528
5500
5529
5501
5530
5502
5531
5503
5532
5504
5533
5505
5534
5506
5535
5507
5536
5508
5537
5509
5538
5510
5539
5511
5540
5512
5541
5513
5542
5514
5543
5515
5544
5516
5545
5517
5546
5518
5547
5519
5548
5549
5521
5550
5522
5551
5523
5552
5524
5553
5525
5554
5526
5555
5527
5556
5528
5557
5529
5558
5530
5559
5531
5560
5532
5561
5533
5562
5534
5563
5535
5564
5536
5565
5537
5566
5538
5567
5539
5568
5540
5569
5541
5570
5542
5571
5543
5572
5544
5573
5545
5574
5546
5575
5547
5576
5548
5577
5549
5578
5579
5551
5580
5552
5581
5553
5582
5554
5583
5555
5584
5556
5585
5557
5586
5558
5587
5559
5588
5560
5589
5561
5590
5562
5591
5563
5592
5564
5593
5565
5594
5566
5595
5567
5596
5568
5597
5569
5598
5570
5599
5571
5600
5572
5601
5573
5602
5574
5603
5575
5604
5576
5605
5577
5606
5578
5607
5579
5608
5609
5581
5610
5582
5611
5583
5612
5584
5613
5585
5614
5586
5615
5587
5616
5588
5617
5589
5618
5590
5619
5591
5620
5592
5621
5593
5622
5594
5623
5595
5624
5596
5625
5597
5626
5598
5627
5599
5628
5600
5629
5601
5630
5602
5631
5603
5632
5604
5633
5605
5634
5606
5635
5607
5636
5608
5637
5609
5638
5639
5611
5640
5612
5641
5613
5642
5614
5643
5615
5644
5616
5645
5617
5646
5618
5647
5619
5648
5620
5649
5621
5650
5622
5651
5623
5652
5624
5653
5625
5654
5626
5655
5627
5656
5628
5657
5629
5658
5630
5659
5631
5660
5632
5661
5633
5662
5634
5663
5635
5664
5636
5665
5637
5666
5638
5667
5639
5668
5669
5641
5670
5642
5671
5643
5672
5644
5673
5645
5674
5646
5675
5647
5676
5648
5677
5649
5678
5650
5679
5651
5680
5652
5681
5653
5682
5654
5683
5655
5684
5656
5685
5657
5686
5658
5687
5659
5688
5660
5689
5661
5690
5662
5691
5663
5692
5664
5693
5665
5694
5666
5695
5667
5696
5668
5697
5669
5698
5699
5671
5672
5673
5674
5675
5676
5677
5678
5679
5680
5681
5682
5683
5684
5685
5686
5687
5688
5689
5690
5691
5692
5693
5694
5695
5696
5697
5698
5699
5701
5730
7190
5702
5731
5703
5732
5704
5733
5705
5734
5706
5735
5707
5736
5708
5737
5709
5738
5710
5739
5711
5740
5712
5741
5713
5742
5714
5743
5715
5744
5716
5745
5717
5746
5718
5747
5719
5748
5720
5749
5721
5750
5722
5751
5723
5752
5724
5753
5725
5754
5726
5755
5727
5756
5728
5757
5729
5758
5759
5731
5760
7191
5732
5761
5733
5762
5734
5763
5735
5764
5736
5765
5737
5766
5738
5767
5739
5768
5740
5769
5741
5770
5742
5771
5743
5772
5744
5773
5745
5774
5746
5775
5747
5776
5748
5777
5749
5778
5750
5779
5751
5780
5752
5781
5753
5782
5754
5783
5755
5784
5756
5785
5757
5786
5758
5787
5759
5788
5789
5761
5790
7192
5762
5791
5763
5792
5764
5793
5765
5794
5766
5795
5767
5796
5768
5797
5769
5798
5770
5799
5771
5800
5772
5801
5773
5802
5774
5803
5775
5804
5776
5805
5777
5806
5778
5807
5779
5808
5780
5809
5781
5810
5782
5811
5783
5812
5784
5813
5785
5814
5786
5815
5787
5816
5788
5817
5789
5818
5819
5791
5820
7193
5792
5821
5793
5822
5794
5823
5795
5824
5796
5825
5797
5826
5798
5827
5799
5828
5800
5829
5801
5830
5802
5831
5803
5832
5804
5833
5805
5834
5806
5835
5807
5836
5808
5837
5809
5838
5810
5839
5811
5840
5812
5841
5813
5842
5814
5843
5815
5844
5816
5845
5817
5846
5818
5847
5819
5848
5849
5821
5850
7194
5822
5851
5823
5852
5824
5853
5825
5854
5826
5855
5827
5856
5828
5857
5829
5858
5830
5859
5831
5860
5832
5861
5833
5862
5834
5863
5835
5864
5836
5865
5837
5866
5838
5867
5839
5868
5840
5869
5841
5870
5842
5871
5843
5872
5844
5873
5845
5874
5846
5875
5847
5876
5848
5877
5849
5878
5879
5851
5880
7195
5852
5881
5853
5882
5854
5883
5855
5884
5856
5885
5857
5886
5858
5887
5859
5888
5860
5889
5861
5890
5862
5891
5863
5892
5864
5893
5865
5894
5866
5895
5867
5896
5868
5897
5869
5898
5870
5899
5871
5900
5872
5901
5873
5902
5874
5903
5875
5904
5876
5905
5877
5906
5878
5907
5879
5908
5909
5881
5910
7196
5882
5911
5883
5912
5884
5913
5885
5914
5886
5915
5887
5916
5888
5917
5889
5918
5890
5919
5891
5920
5892
5921
5893
5922
5894
5923
5895
5924
5896
5925
5897
5926
5898
5927
5899
5928
5900
5929
5901
5930
5902
5931
5903
5932
5904
5933
5905
5934
5906
5935
5907
5936
5908
5937
5909
5938
5939
5911
5940
7197
5912
5941
5913
5942
5914
5943
5915
5944
5916
5945
5917
5946
5918
5947
5919
5948
5920
5949
5921
5950
5922
5951
5923
5952
5924
5953
5925
5954
5926
5955
5927
5956
5928
5957
5929
5958
5930
5959
5931
5960
5932
5961
5933
5962
5934
5963
5935
5964
5936
5965
5937
5966
5938
5967
5939
5968
5969
5941
5970
7198
5942
5971
5943
5972
5944
5973
5945
5974
5946
5975
5947
5976
5948
5977
5949
5978
5950
5979
5951
5980
5952
5981
5953
5982
5954
5983
5955
5984
5956
5985
5957
5986
5958
5987
5959
5988
5960
5989
5961
5990
5962
5991
5963
5992
5964
5993
5965
5994
5966
5995
5967
5996
5968
5997
5969
5998
5999
5971
7199
5972
5973
5974
5975
5976
5977
5978
5979
5980
5981
5982
5983
5984
5985
5986
5987
5988
5989
5990
5991
5992
5993
5994
5995
5996
5997
5998
5999
6001
6010
6002
6011
6003
6012
6004
6013
6005
6014
6006
6015
6007
6016
6008
6017
6009
6018
6019
6011
6020
6012
6021
6013
6022
6014
6023
6015
6024
6016
6025
6017
6026
6018
6027
6019
6028
6029
6021
6030
6022
6031
6023
6032
6024
6033
6025
6034
6026
6035
6027
6036
6028
6037
6029
6038
6039
6031
6040
6032
6041
6033
6042
6034
6043
6035
6044
6036
6045
6037
6046
6038
6047
6039
6048
6049
6041
6050
6042
6051
6043
6052
6044
6053
6045
6054
6046
6055
6047
6056
6048
6057
6049
6058
6059
6051
6060
6052
6061
6053
6062
6054
6063
6055
6064
6056
6065
6057
6066
6058
6067
6059
6068
6069
6061
6070
6062
6071
6063
6072
6064
6073
6065
6074
6066
6075
6067
6076
6068
6077
6069
6078
6079
6071
6080
6072
6081
6073
6082
6074
6083
6075
6084
6076
6085
6077
6086
6078
6087
6079
6088
6089
6081
6090
6082
6091
6083
6092
6084
6093
6085
6094
6086
6095
6087
6096
6088
6097
6089
6098
6099
6091
6100
6092
6101
6093
6102
6094
6103
6095
6104
6096
6105
6097
6106
6098
6107
6099
6108
6109
6101
6110
6102
6111
6103
6112
6104
6113
6105
6114
6106
6115
6107
6116
6108
6117
6109
6118
6119
6111
6120
6112
6121
6113
6122
6114
6123
6115
6124
6116
6125
6117
6126
6118
6127
6119
6128
6129
6121
6130
6122
6131
6123
6132
6124
6133
6125
6134
6126
6135
6127
6136
6128
6137
6129
6138
6139
6131
6140
6132
6141
6133
6142
6134
6143
6135
6144
6136
6145
6137
6146
6138
6147
6139
6148
6149
6141
6150
6142
6151
6143
6152
6144
6153
6145
6154
6146
6155
6147
6156
6148
6157
6149
6158
6159
6151
6160
6152
6161
6153
6162
6154
6163
6155
6164
6156
6165
6157
6166
6158
6167
6159
6168
6169
6161
6170
6162
6171
6163
6172
6164
6173
6165
6174
6166
6175
6167
6176
6168
6177
6169
6178
6179
6171
6180
6172
6181
6173
6182
6174
6183
6175
6184
6176
6185
6177
6186
6178
6187
6179
6188
6189
6181
6190
6182
6191
6183
6192
6184
6193
6185
6194
6186
6195
6187
6196
6188
6197
6189
6198
6199
6191
6200
6192
6201
6193
6202
6194
6203
6195
6204
6196
6205
6197
6206
6198
6207
6199
6208
6209
6201
6210
6202
6211
6203
6212
6204
6213
6205
6214
6206
6215
6207
6216
6208
6217
6209
6218
6219
6211
6220
6212
6221
6213
6222
6214
6223
6215
6224
6216
6225
6217
6226
6218
6227
6219
6228
6229
6221
6230
6222
6231
6223
6232
6224
6233
6225
6234
6226
6235
6227
6236
6228
6237
6229
6238
6239
6231
6240
6232
6241
6233
6242
6234
6243
6235
6244
6236
6245
6237
6246
6238
6247
6239
6248
6249
6241
6250
6242
6251
6243
6252
6244
6253
6245
6254
6246
6255
6247
6256
6248
6257
6249
6258
6259
6251
6260
6252
6261
6253
6262
6254
6263
6255
6264
6256
6265
6257
6266
6258
6267
6259
6268
6269
6261
6270
6262
6271
6263
6272
6264
6273
6265
6274
6266
6275
6267
6276
6268
6277
6269
6278
6279
6271
6280
6272
6281
6273
6282
6274
6283
6275
6284
6276
6285
6277
6286
6278
6287
6279
6288
6289
6281
6290
6282
6291
6283
6292
6284
6293
6285
6294
6286
6295
6287
6296
6288
6297
6289
6298
6299
6291
6300
6292
6301
6293
6302
6294
6303
6295
6304
6296
6305
6297
6306
6298
6307
6299
6308
6309
6301
6310
6302
6311
6303
6312
6304
6313
6305
6314
6306
6315
6307
6316
6308
6317
6309
6318
6319
6311
6320
6312
6321
6313
6322
6314
6323
6315
6324
6316
6325
6317
6326
6318
6327
6319
6328
6329
6321
6330
6322
6331
6323
6332
6324
6333
6325
6334
6326
6335
6327
6336
6328
6337
6329
6338
6339
6331
6340
6332
6341
6333
6342
6334
6343
6335
6344
6336
6345
6337
6346
6338
6347
6339
6348
6349
6341
6350
6342
6351
6343
6352
6344
6353
6345
6354
6346
6355
6347
6356
6348
6357
6349
6358
6359
6351
6360
6352
6361
6353
6362
6354
6363
6355
6364
6356
6365
6357
6366
6358
6367
6359
6368
6369
6361
6370
6362
6371
6363
6372
6364
6373
6365
6374
6366
6375
6367
6376
6368
6377
6369
6378
6379
6371
6380
6372
6381
6373
6382
6374
6383
6375
6384
6376
6385
6377
6386
6378
6387
6379
6388
6389
6381
6390
6382
6391
6383
6392
6384
6393
6385
6394
6386
6395
6387
6396
6388
6397
6389
6398
6399
6391
6400
6392
6401
6393
6402
6394
6403
6395
6404
6396
6405
6397
6406
6398
6407
6399
6408
6409
6401
6410
6402
6411
6403
6412
6404
6413
6405
6414
6406
6415
6407
6416
6408
6417
6409
6418
6419
6411
6420
6412
6421
6413
6422
6414
6423
6415
6424
6416
6425
6417
6426
6418
6427
6419
6428
6429
6421
6430
6422
6431
6423
6432
6424
6433
6425
6434
6426
6435
6427
6436
6428
6437
6429
6438
6439
6431
6440
6432
6441
6433
6442
6434
6443
6435
6444
6436
6445
6437
6446
6438
6447
6439
6448
6449
6441
6450
6442
6451
6443
6452
6444
6453
6445
6454
6446
6455
6447
6456
6448
6457
6449
6458
6459
6451
6460
6452
6461
6453
6462
6454
6463
6455
6464
6456
6465
6457
6466
6458
6467
6459
6468
6469
6461
6470
6462
6471
6463
6472
6464
6473
6465
6474
6466
6475
6467
6476
6468
6477
6469
6478
6479
6471
6480
6472
6481
6473
6482
6474
6483
6475
6484
6476
6485
6477
6486
6478
6487
6479
6488
6489
6481
6490
6482
6491
6483
6492
6484
6493
6485
6494
6486
6495
6487
6496
6488
6497
6489
6498
6499
6491
6500
6492
6501
6493
6502
6494
6503
6495
6504
6496
6505
6497
6506
6498
6507
6499
6508
6509
6501
6510
6502
6511
6503
6512
6504
6513
6505
6514
6506
6515
6507
6516
6508
6517
6509
6518
6519
6511
6520
6512
6521
6513
6522
6514
6523
6515
6524
6516
6525
6517
6526
6518
6527
6519
6528
6529
6521
6530
6522
6531
6523
6532
6524
6533
6525
6534
6526
6535
6527
6536
6528
6537
6529
6538
6539
6531
6540
6532
6541
6533
6542
6534
6543
6535
6544
6536
6545
6537
6546
6538
6547
6539
6548
6549
6541
6550
6542
6551
6543
6552
6544
6553
6545
6554
6546
6555
6547
6556
6548
6557
6549
6558
6559
6551
6560
6552
6561
6553
6562
6554
6563
6555
6564
6556
6565
6557
6566
6558
6567
6559
6568
6569
6561
6570
6562
6571
6563
6572
6564
6573
6565
6574
6566
6575
6567
6576
6568
6577
6569
6578
6579
6571
6580
6572
6581
6573
6582
6574
6583
6575
6584
6576
6585
6577
6586
6578
6587
6579
6588
6589
6581
6590
6582
6591
6583
6592
6584
6593
6585
6594
6586
6595
6587
6596
6588
6597
6589
6598
6599
6591
6600
6592
6601
6593
6602
6594
6603
6595
6604
6596
6605
6597
6606
6598
6607
6599
6608
6609
6601
6610
6602
6611
6603
6612
6604
6613
6605
6614
6606
6615
6607
6616
6608
6617
6609
6618
6619
6611
6620
6612
6621
6613
6622
6614
6623
6615
6624
6616
6625
6617
6626
6618
6627
6619
6628
6629
6621
6630
6622
6631
6623
6632
6624
6633
6625
6634
6626
6635
6627
6636
6628
6637
6629
6638
6639
6631
6640
6632
6641
6633
6642
6634
6643
6635
6644
6636
6645
6637
6646
6638
6647
6639
6648
6649
6641
6650
6642
6651
6643
6652
6644
6653
6645
6654
6646
6655
6647
6656
6648
6657
6649
6658
6659
6651
6660
6652
6661
6653
6662
6654
6663
6655
6664
6656
6665
6657
6666
6658
6667
6659
6668
6669
6661
6670
6662
6671
6663
6672
6664
6673
6665
6674
6666
6675
6667
6676
6668
6677
6669
6678
6679
6671
6680
6672
6681
6673
6682
6674
6683
6675
6684
6676
6685
6677
6686
6678
6687
6679
6688
6689
6681
6690
6682
6691
6683
6692
6684
6693
6685
6694
6686
6695
6687
6696
6688
6697
6689
6698
6699
6691
6700
6692
6701
6693
6702
6694
6703
6695
6704
6696
6705
6697
6706
6698
6707
6699
6708
6709
6701
6710
6702
6711
6703
6712
6704
6713
6705
6714
6706
6715
6707
6716
6708
6717
6709
6718
6719
6711
6720
6712
6721
6713
6722
6714
6723
6715
6724
6716
6725
6717
6726
6718
6727
6719
6728
6729
6721
6730
6722
6731
6723
6732
6724
6733
6725
6734
6726
6735
6727
6736
6728
6737
6729
6738
6739
6731
6740
6732
6741
6733
6742
6734
6743
6735
6744
6736
6745
6737
6746
6738
6747
6739
6748
6749
6741
6750
6742
6751
6743
6752
6744
6753
6745
6754
6746
6755
6747
6756
6748
6757
6749
6758
6759
6751
6760
6752
6761
6753
6762
6754
6763
6755
6764
6756
6765
6757
6766
6758
6767
6759
6768
6769
6761
6770
6762
6771
6763
6772
6764
6773
6765
6774
6766
6775
6767
6776
6768
6777
6769
6778
6779
6771
6780
6772
6781
6773
6782
6774
6783
6775
6784
6776
6785
6777
6786
6778
6787
6779
6788
6789
6781
6790
6782
6791
6783
6792
6784
6793
6785
6794
6786
6795
6787
6796
6788
6797
6789
6798
6799
6791
6800
6792
6801
6793
6802
6794
6803
6795
6804
6796
6805
6797
6806
6798
6807
6799
6808
6809
6801
6810
6802
6811
6803
6812
6804
6813
6805
6814
6806
6815
6807
6816
6808
6817
6809
6818
6819
6811
6820
6812
6821
6813
6822
6814
6823
6815
6824
6816
6825
6817
6826
6818
6827
6819
6828
6829
6821
6830
6822
6831
6823
6832
6824
6833
6825
6834
6826
6835
6827
6836
6828
6837
6829
6838
6839
6831
6840
6832
6841
6833
6842
6834
6843
6835
6844
6836
6845
6837
6846
6838
6847
6839
6848
6849
6841
6850
6842
6851
6843
6852
6844
6853
6845
6854
6846
6855
6847
6856
6848
6857
6849
6858
6859
6851
6860
6852
6861
6853
6862
6854
6863
6855
6864
6856
6865
6857
6866
6858
6867
6859
6868
6869
6861
6870
6862
6871
6863
6872
6864
6873
6865
6874
6866
6875
6867
6876
6868
6877
6869
6878
6879
6871
6880
6872
6881
6873
6882
6874
6883
6875
6884
6876
6885
6877
6886
6878
6887
6879
6888
6889
6881
6890
6882
6891
6883
6892
6884
6893
6885
6894
6886
6895
6887
6896
6888
6897
6889
6898
6899
6891
6900
6892
6901
6893
6902
6894
6903
6895
6904
6896
6905
6897
6906
6898
6907
6899
6908
6909
6901
6910
6902
6911
6903
6912
6904
6913
6905
6914
6906
6915
6907
6916
6908
6917
6909
6918
6919
6911
6920
6912
6921
6913
6922
6914
6923
6915
6924
6916
6925
6917
6926
6918
6927
6919
6928
6929
6921
6930
6922
6931
6923
6932
6924
6933
6925
6934
6926
6935
6927
6936
6928
6937
6929
6938
6939
6931
6940
6932
6941
6933
6942
6934
6943
6935
6944
6936
6945
6937
6946
6938
6947
6939
6948
6949
6941
6950
6942
6951
6943
6952
6944
6953
6945
6954
6946
6955
6947
6956
6948
6957
6949
6958
6959
6951
6960
6952
6961
6953
6962
6954
6963
6955
6964
6956
6965
6957
6966
6958
6967
6959
6968
6969
6961
6970
6962
6971
6963
6972
6964
6973
6965
6974
6966
6975
6967
6976
6968
6977
6969
6978
6979
6971
6980
6972
6981
6973
6982
6974
6983
6975
6984
6976
6985
6977
6986
6978
6987
6979
6988
6989
6981
6990
6982
6991
6983
6992
6984
6993
6985
6994
6986
6995
6987
6996
6988
6997
6989
6998
6999
6991
7000
6992
7001
6993
7002
6994
7003
6995
7004
6996
7005
6997
7006
6998
7007
6999
7008
7009
7001
7010
7002
7011
7003
7012
7004
7013
7005
7014
7006
7015
7007
7016
7008
7017
7009
7018
7019
7011
7020
7012
7021
7013
7022
7014
7023
7015
7024
7016
7025
7017
7026
7018
7027
7019
7028
7029
7021
7030
7022
7031
7023
7032
7024
7033
7025
7034
7026
7035
7027
7036
7028
7037
7029
7038
7039
7031
7040
7032
7041
7033
7042
7034
7043
7035
7044
7036
7045
7037
7046
7038
7047
7039
7048
7049
7041
7050
7042
7051
7043
7052
7044
7053
7045
7054
7046
7055
7047
7056
7048
7057
7049
7058
7059
7051
7060
7052
7061
7053
7062
7054
7063
7055
7064
7056
7065
7057
7066
7058
7067
7059
7068
7069
7061
7070
7062
7071
7063
7072
7064
7073
7065
7074
7066
7075
7067
7076
7068
7077
7069
7078
7079
7071
7080
7072
7081
7073
7082
7074
7083
7075
7084
7076
7085
7077
7086
7078
7087
7079
7088
7089
7081
7090
7082
7091
7083
7092
7084
7093
7085
7094
7086
7095
7087
7096
7088
7097
7089
7098
7099
7091
7100
7092
7101
7093
7102
7094
7103
7095
7104
7096
7105
7097
7106
7098
7107
7099
7108
7109
7101
7110
7102
7111
7103
7112
7104
7113
7105
7114
7106
7115
7107
7116
7108
7117
7109
7118
7119
7111
7120
7112
7121
7113
7122
7114
7123
7115
7124
7116
7125
7117
7126
7118
7127
7119
7128
7129
7121
7130
7122
7131
7123
7132
7124
7133
7125
7134
7126
7135
7127
7136
7128
7137
7129
7138
7139
7131
7140
7132
7141
7133
7142
7134
7143
7135
7144
7136
7145
7137
7146
7138
7147
7139
7148
7149
7141
7150
7142
7151
7143
7152
7144
7153
7145
7154
7146
7155
7147
7156
7148
7157
7149
7158
7159
7151
7160
7152
7161
7153
7162
7154
7163
7155
7164
7156
7165
7157
7166
7158
7167
7159
7168
7169
7161
7170
7162
7171
7163
7172
7164
7173
7165
7174
7166
7175
7167
7176
7168
7177
7169
7178
7179
7171
7180
7172
7181
7173
7182
7174
7183
7175
7184
7176
7185
7177
7186
7178
7187
7179
7188
7189
7181
7190
7182
7191
7183
7192
7184
7193
7185
7194
7186
7195
7187
7196
7188
7197
7189
7198
7199
7191
7192
7193
7194
7195
7196
7197
7198
7199
)


// ************************************************************************* //
